907
815 420
122 626
489 278
242 135
106 168
169 142
541 135
114 112
884 268
56 122
682 707
569 320
267 230
24 388
223 900
384 39
331 510
471 110
782 849
81 129
905 97
29 49
19 10
808 456
110 853
429 513
728 556
170 356
294 512
702 613
100 692
785 713
101 745
880 115
297 291
466 440
98 417
61 84
178 591
376 128
699 256
68 59
714 94
286 788
174 191
158 236
212 232
686 729
30 330
433 171
21 56
397 607
790 615
674 325
132 226
318 426
281 515
237 350
456 108
383 19
261 105
208 37
31 23
792 433
21 159
794 574
249 333
266 15
134 14
569 874
462 743
365 245
522 302
166 599
176 34
152 878
252 45
154 243
152 65
269 287
67 150
283 173
668 216
325 511
630 10
247 649
659 151
89 115
750 686
119 259
391 91
140 757
458 240
2 22
119 121
21 167
647 596
462 565
213 834
779 248
818 143
218 255
126 198
109 525
26 254
451 74
411 851
238 17
280 231
804 361
512 514
55 453
451 600
209 340
453 641
435 285
719 280
54 294
656 474
602 23
704 332
14 117
444 634
377 460
89 606
514 695
302 271
427 311
442 290
282 890
291 299
381 284
611 802
585 731
72 27
816 532
129 697
451 616
356 571
45 41
36 76
247 436
67 30
341 146
484 666
229 195
593 390
96 428
281 171
252 633
276 579
229 248
860 487
539 587
248 774
185 190
613 809
542 509
156 183
739 830
820 64
206 532
236 637
144 25
131 149
56 876
811 96
131 296
704 737
35 230
736 178
601 445
166 765
592 420
54 339
59 94
558 400
143 594
210 528
128 498
220 166
113 576
8 2
153 223
473 87
306 803
463 3
267 454
11 1
261 329
93 11
44 19
775 359
767 643
81 406
14 5
380 177
175 116
33 13
118 87
302 320
776 649
826 383
477 672
516 458
9 398
903 113
541 836
482 244
673 201
823 264
2 1
235 61
342 66
110 755
434 366
766 44
111 479
677 355
241 715
187 183
62 113
396 352
365 613
106 47
285 137
166 56
181 128
330 432
286 49
164 129
130 483
700 507
596 147
90 530
68 185
549 71
412 387
631 624
142 638
381 735
324 835
179 262
69 26
430 734
216 140
423 422
80 136
188 132
799 749
98 32
43 105
533 61
35 326
40 14
96 45
351 45
143 447
404 380
875 292
140 80
842 595
30 35
218 501
546 232
4 452
177 421
841 772
5 575
102 80
503 77
882 867
662 814
798 827
102 896
17 8
366 409
573 558
189 671
175 308
50 195
885 157
62 80
273 43
216 559
95 142
334 870
740 125
485 58
29 217
791 843
29 23
331 360
323 10
193 139
32 221
598 299
440 359
403 164
109 819
339 694
550 425
40 161
20 357
359 378
350 845
253 101
71 138
65 35
82 6
57 29
62 6
831 511
152 270
531 678
26 91
274 618
468 341
521 104
80 90
411 183
195 269
178 461
165 103
198 258
336 315
543 165
11 104
155 311
264 244
774 844
400 277
361 711
791 445
524 94
40 582
2 3
551 459
475 469
338 299
112 27
779 821
75 780
175 210
709 164
292 149
46 496
902 204
174 798
207 117
20 60
363 420
348 464
153 547
345 418
103 373
2 4
156 675
786 767
257 838
161 753
73 89
167 327
610 660
857 524
75 727
32 25
8 10
643 93
291 26
327 486
25 97
142 754
93 301
8 234
115 439
29 147
204 152
31 88
251 455
251 121
129 153
806 194
644 617
506 492
215 5
54 553
194 101
244 374
13 83
796 633
61 324
526 172
555 706
395 212
871 393
199 12
361 259
271 12
147 231
108 481
560 685
318 321
869 650
309 306
286 372
43 55
120 5
548 341
541 726
181 211
175 894
370 527
500 865
764 393
432 859
254 328
389 480
325 353
113 184
368 125
367 177
537 433
499 604
218 81
81 99
293 778
177 56
859 877
51 111
306 78
347 570
124 119
63 34
200 85
331 313
81 201
732 480
125 13
395 717
401 178
635 824
822 373
472 254
667 79
113 310
725 336
612 781
352 217
683 25
78 72
199 761
26 2
51 578
233 177
722 887
21 7
271 846
528 585
662 254
288 315
300 759
305 724
825 268
101 348
60 839
28 64
756 866
488 261
268 262
95 748
887 904
449 443
29 86
85 127
380 810
609 358
500 356
41 66
580 770
157 82
221 289
334 169
359 118
1 20
3 5
414 837
881 629
487 360
19 148
204 295
623 507
209 3
82 316
864 449
64 519
116 652
513 622
173 58
243 462
276 402
650 161
370 771
873 723
26 154
465 280
163 355
96 708
470 105
620 4
279 119
163 763
407 322
153 312
608 25
293 85
170 60
746 428
689 463
583 244
589 173
18 38
738 193
560 367
39 50
889 315
24 544
270 377
286 531
642 425
429 446
197 441
213 491
566 544
129 224
419 127
189 169
131 669
36 410
325 20
278 39
29 545
77 51
89 431
337 490
577 648
131 1
29 445
639 499
556 302
22 79
412 756
431 437
213 274
581 74
264 349
137 41
34 14
48 10
898 297
89 276
355 561
363 150
197 769
219 52
288 208
710 652
15 75
614 539
523 338
762 643
290 289
15 28
63 800
223 681
124 619
901 35
196 213
776 883
534 698
63 415
240 131
158 186
160 812
151 76
256 210
228 195
314 125
328 703
474 850
855 204
141 107
52 31
577 744
657 206
54 32
635 630
590 117
713 121
69 467
174 64
41 237
160 20
629 255
3 36
438 443
605 322
64 564
563 95
577 79
130 71
534 76
478 256
171 141
366 733
8 15
202 171
23 567
265 49
389 219
51 53
41 10
347 646
187 477
716 433
301 317
546 861
34 628
696 319
63 107
535 91
226 863
277 332
42 414
249 209
189 335
449 760
67 205
183 829
10 18
405 242
175 212
457 107
469 439
227 206
106 346
450 385
879 21
189 895
192 670
222 19
13 382
768 777
92 385
496 833
8 597
411 448
300 507
610 239
300 529
364 19
194 206
206 499
536 96
108 17
111 239
102 298
275 49
459 257
27 18
617 337
867 769
90 100
288 539
458 813
854 424
158 20
39 17
386 88
852 611
688 289
440 584
28 73
722 553
337 169
206 509
28 493
801 453
5 6
416 701
7 43
897 842
422 45
47 35
390 787
141 178
661 97
277 11
540 239
497 178
611 410
304 126
356 680
658 314
313 906
44 116
30 23
5 192
257 78
14 37
508 21
13 2
246 40
320 424
208 303
143 121
132 425
101 53
691 632
721 219
682 316
773 337
133 214
120 476
240 318
282 87
95 2
627 252
862 605
70 41
768 388
712 44
216 645
8 438
369 274
24 51
1 103
520 518
250 227
676 284
295 723
70 305
89 872
715 847
386 494
720 116
554 517
612 331
283 370
893 759
12 9
47 687
219 379
21 126
162 61
194 665
828 701
518 252
30 135
67 562
741 127
313 267
907 473
2 9
172 155
347 68
418 891
110 18
284 126
135 393
192 430
636 504
408 742
580 118
632 494
59 53
654 54
81 203
435 517
43 586
1 81
322 705
464 772
26 156
2 119
429 424
227 899
397 360
555 394
170 797
568 408
288 492
182 90
74 6
690 515
59 145
399 51
703 749
595 233
349 408
307 51
411 574
663 150
40 155
892 448
245 193
12 85
6 58
358 99
241 138
444 402
146 91
15 807
188 197
